436 IVLII mmm

11144444464, 441. 44. In 1444444484, 4414 11. 34.
appendice od Fomeiii· inhonoris, 4 1 35 (3)
4444444444νί4 dignoscen- 1445449444414, 44 11. 44.
414, 44. 1444144414, 4414 Ι. 44.

Β14444141114,14 111. 44. 14447444, 44 111. 3.

1114444414 , 14 111. 58 (4). interamniam, 4, 444111.

111444414441444414. 11434. 74. confirmatur 4444·
4 discriminoso. 641444.

1114444414 1. 65. 444414· 1444441414, 44 1. 34.
*matur 4444541444. 14444444144444, 4, 444 111.

88444414414444, 4, um 111. 58. -

47. 14444444444, 4, um 111. 38.
844441441444, 4, um 1. 34. intumescent, 414 111. 46.
84444414, 441411. 34. 144484, 44 111. 85.
Ε44448444, 414 111. 59. 1441451114, 141. 38 44 64.
Exdignnu, 4, 444 11. 44. 14414144, 44 1. 5ο.
1444544444, 14 1. 49. 1444414, 4414 111. 59.
insidiantis, 44 11. 4. Lucu, orum 111. 44.
11444444ιί44, 4, 444 1. 11741414,14111. 59.

54 1444114, 14 Ι. 34.

“ Η414414444844144(44114414·1444144414, 4414 Ι, 44.

8444844144) 111. 47 (4). 11414514 111. 93. pro 444-
1141144744441444,4,444111. 144.

94· 11481441144, amm 1. 34.
Hippophnm· 111 74. 184445414444, 1 111. 38.
Iguium, 414 111. 54. genere masculino (4).

, 144141441444, 4, um 1111144414444144, 4, um 11.

90. 34.

14444444144444, 4, 444 114445448144 adv. 1. 4. 4

1. 5. 4444144484.
14811444444, 14 111. 44. 1144444144, 4, 444111. 58.
1444444, 4441. 64. nisi 0444444γ4444444,1111. 34. .

444 mendum Confer 1111144414 1. 55. terminatio

4444444 b. 44441 444444 plumatios.

· (ι) 0444444444 modim inme· praesui. 1141448 441144441-
hg) 2⁰:3³¹·ss 14 expulsi· 44414114 im.
· 13) 11444144 rendum 144 44741414.

44) (144144 14. noem 1441444 'orimum-

 

